99
9
87
89
96
88
94
8
97
85
80
93
82
84
92
91
86
83
98
90
75
726
77
81
725
728
730
78
95
724
723
72
721
73
719
76
710
720
715
714
712
717
709
727
722
71
718
713
729
705
700
707
704
702
706
74
697
79
701
716
694
703
696
711
698
7
695
692
708
642
61
626
616
683
661
666
677
596
691
621
590
619
608
686
594
618
589
652
672
645
682
678
653
635
632
67
693
603
649
658
662
610
586
668
675
647
699
570
623
670
625
667
633
634
601
58
641
674
664
631
639
688
615
689
651
676
63
600
687
64
655
660
607
611
650
681
684
69
628
574
630
70
614
602
671
643
68
604
622
624
617
656
580
579
648
654
685
599
679
597
644
609
638
578
584
612
665
669
659
582
6
577
60
62
591
595
575
629
576
690
673
572
627
606
680
637
585
613
59
657
581
598
640
583
66
663
573
620
593
646
605
587
588
636
592
65
92
98
82
99
97
93
85
91
86
83
94
89
87
81
84
95
9
78
8
96
74
730
90
75
80
726
77
79
88
73
76
723
717
720
728
715
714
703
711
708
72
721
70
724
702
718
722
710
685
729
698
686
709
7
693
690
696
707
719
727
706
68
680
684
688
712
695
699
701
679
689
704
682
705
678
71
683
675
674
69
687
670
713
700
681
661
67
664
668
691
677
667
663
671
66
692
716
725
676
697
672
669
657
658
654
662
653
659
660
65
665
648
673
652
646
656
655
645
651
644
639
640
647
637
64
616
638
60
602
649
581
582
528
624
641
580
614
512
604
634
620
548
610
570
519
622
607
518
618
555
559
589
558
583
629
635
535
565
586
590
563
58
516
506
568
54
567
617
596
551
513
51
608
540
552
613
63
527
556
544
562
503
585
560
50
619
6
588
511
514
61
609
579
529
631
538
504
553
600
572
599
510
523
499
509
576
53
526
525
546
521
500
625
650
623
642
612
561
606
501
56
577
550
55
643
530
498
605
545
532
57
591
542
536
59
573
520
601
633
5
571
666
611
627
505
493
52
587
497
507
531
533
593
574
566
484
537
492
496
488
486
564
592
480
575
490
48
489
491
578
584
539
494
569
495
598
478
62
549
483
597
522
49
541
474
543
557
603
476
479
472
475
473
481
47
482
615
465
461
466
554
594
469
470
632
471
621
456
626
487
636
502
467
468
46
464
524
453
462
460
463
628
454
459
449
458
448
447
694
485
455
457
446
445
452
450
443
508
44
434
440
439
444
45
451
438
435
433
441
437
436
517
477
96
93
95
94
90
98
99
92
9
89
88
85
97
86
84
83
82
81
91
74
87
80
77
79
76
73
8
730
729
728
75
727
725
78
720
72
717
702
701
713
724
711
708
710
712
722
709
698
71
707
706
721
695
694
690
700
703
723
688
716
670
68
658
677
674
641
683
657
7
660
689
668
627
630
626
631
686
67
678
644
726
635
704
654
639
650
675
693
636
634
656
705
655
714
633
64
659
63
682
663
664
632
676
692
637
649
696
667
697
652
699
687
651
647
685
642
684
671
661
69
666
646
648
665
624
70
715
669
638
662
645
680
673
66
628
653
640
672
681
718
679
643
719
65
691
,,,,,,,,,,,,,,,,,,,,,,,,,,,,,,97,,,,,
,,,,,,,,,,,,,,,,,,,,,,,,,,,,,,9,,,,,
,,,,,,,,,,,,,,,,,,,,,,,,,,,,,,98,,,,,
,,,,,,,,,,,,,,,,,,,,,,,,,,,,,,99,,,,,
,,,,,,,,,,,,,,,,,,,,,,,,,,,,,,96,,,,,
,,,,,,,,,,,,,,,,,,,,,,,,,,,,,,89,,,,,
,,,,,,,,,,,,,,,,,,,,,,,,,,,,,,94,,,,,
,,,,,,,,,,,,,,,,,,,,,,,,,,,,,,88,,,,,
,,,,,,,,,,,,,,,,,,,,,,,,,,,,,,92,,,,,
,,,,,,,,,,,,,,,,,,,,,,,,,,,,,,95,,,,,
,,,,,,,,,,,,,,,,,,,,,,,,,,,,,,81,,,,,
,,,,,,,,,,,,,,,,,,,,,,,,,,,,,,83,,,,,
,,,,,,,,,,,,,,,,,,,,,,,,,,,,,,78,,,,,
,,,,,,,,,,,,,,,,,,,,,,,,,,,,,,8,,,,,
,,,,,,,,,,,,,,,,,,,,,,,,,,,,,,84,,,,,
,,,,,,,,,,,,,,,,,,,,,,,,,,,,,,93,,,,,
,,,,,,,,,,,,,,,,,,,,,,,,,,,,,,76,,,,,
,,,,,,,,,,,,,,,,,,,,,,,,,,,,,,85,,,,,
,,,,,,,,,,,,,,,,,,,,,,,,,,,,,,79,,,,,
,,,,,,,,,,,,,,,,,,,,,,,,,,,,,,74,,,,,
,,,,,,,,,,,,,,,,,,,,,,,,,,,,,,77,,,,,
,,,,,,,,,,,,,,,,,,,,,,,,,,,,,,87,,,,,
,,,,,,,,,,,,,,,,,,,,,,,,,,,,,,721,,,,,
,,,,,,,,,,,,,,,,,,,,,,,,,,,,,,91,,,,,
,,,,,,,,,,,,,,,,,,,,,,,,,,,,,,730,,,,,
,,,,,,,,,,,,,,,,,,,,,,,,,,,,,,711,,,,,
,,,,,,,,,,,,,,,,,,,,,,,,,,,,,,70,,,,,
,,,,,,,,,,,,,,,,,,,,,,,,,,,,,,729,,,,,
,,,,,,,,,,,,,,,,,,,,,,,,,,,,,,713,,,,,
,,,,,,,,,,,,,,,,,,,,,,,,,,,,,,702,,,,,
,,,,,,,,,,,,,,,,,,,,,,,,,,,,,,706,,,,,
,,,,,,,,,,,,,,,,,,,,,,,,,,,,,,80,,,,,
,,,,,,,,,,,,,,,,,,,,,,,,,,,,,,86,,,,,
,,,,,,,,,,,,,,,,,,,,,,,,,,,,,,724,,,,,
,,,,,,,,,,,,,,,,,,,,,,,,,,,,,,703,,,,,
,,,,,,,,,,,,,,,,,,,,,,,,,,,,,,714,,,,,
,,,,,,,,,,,,,,,,,,,,,,,,,,,,,,717,,,,,
,,,,,,,,,,,,,,,,,,,,,,,,,,,,,,73,,,,,
,,,,,,,,,,,,,,,,,,,,,,,,,,,,,,728,,,,,
,,,,,,,,,,,,,,,,,,,,,,,,,,,,,,71,,,,,
,,,,,,,,,,,,,,,,,,,,,,,,,,,,,,701,,,,,
,,,,,,,,,,,,,,,,,,,,,,,,,,,,,,705,,,,,
,,,,,,,,,,,,,,,,,,,,,,,,,,,,,,708,,,,,
,,,,,,,,,,,,,,,,,,,,,,,,,,,,,,75,,,,,
,,,,,,,,,,,,,,,,,,,,,,,,,,,,,,715,,,,,
,,,,,,,,,,,,,,,,,,,,,,,,,,,,,,710,,,,,
,,,,,,,,,,,,,,,,,,,,,,,,,,,,,,699,,,,,
,,,,,,,,,,,,,,,,,,,,,,,,,,,,,,712,,,,,
,,,,,,,,,,,,,,,,,,,,,,,,,,,,,,695,,,,,
,,,,,,,,,,,,,,,,,,,,,,,,,,,,,,723,,,,,
,,,,,,,,,,,,,,,,,,,,,,,,,,,,,,90,,,,,
,,,,,,,,,,,,,,,,,,,,,,,,,,,,,,709,,,,,
,,,,,,,,,,,,,,,,,,,,,,,,,,,,,,726,,,,,
,,,,,,,,,,,,,,,,,,,,,,,,,,,,,,718,,,,,
,,,,,,,,,,,,,,,,,,,,,,,,,,,,,,704,,,,,
,,,,,,,,,,,,,,,,,,,,,,,,,,,,,,722,,,,,
,,,,,,,,,,,,,,,,,,,,,,,,,,,,,,720,,,,,
,,,,,,,,,,,,,,,,,,,,,,,,,,,,,,7,,,,,
,,,,,,,,,,,,,,,,,,,,,,,,,,,,,,72,,,,,
,,,,,,,,,,,,,,,,,,,,,,,,,,,,,,727,,,,,
,,,,,,,,,,,,,,,,,,,,,,,,,,,,,,82,,,,,
,,,,,,,,,,,,,,,,,,,,,,,,,,,,,,725,,,,,
,,,,,,,,,,,,,,,,,,,,,,,,,,,,,,719,,,,,
,,,,,,,,,,,,,,,,,,,,,,,,,,,,,,700,,,,,
,,,,,,,,,,,,,,,,,,,,,,,,,,,,,,716,,,,,
